733,3
733,2
733,1
733,0
732,3
732,2
732,1
732,0
731,4
731,3
731,2
731,1
731,0
730,3
730,2
730,1
730,0
729,3
729,2
729,1
729,0
728,3
728,2
728,1
728,0
727,3
727,2
727,1
727,0
726,9
726,8
726,7
726,6
726,5
726,4
726,3
726,2
726,1
726,0
725,3
725,2
725,1
725,0
724,3
724,2
724,1
724,0
723,3
723,2
723,1
723,0
722,3
722,2
722,1
722,0
721,3
721,2
721,1
721,0
720,3
720,2
720,1
720,0
719,3
719,2
719,1
719,0
718,3
718,2
718,1
718,0
717,3
717,2
717,1
717,0
716,3
716,2
716,1
716,0
715,3
715,2
715,1
715,0
714,3
714,2
714,1
714,0
713,3
713,2
713,1
713,0
712,12
712,9
712,11
712,10
712,8
712,4
712,7
712,6
712,5
712,3
712,2
712,1
712,0
711,3
711,2
711,1
711,0
710,3
710,2
710,1
710,0
709,6
709,5
709,4
709,3
709,2
709,1
709,0
708,6
708,5
708,4
708,3
708,2
708,1
708,0
707,3
707,2
707,1
707,0
706,18
706,9
706,17
706,16
706,15
706,14
706,4
706,13
706,10
706,12
706,11
706,5
706,8
706,7
706,6
706,3
706,2
706,1
706,0
705,21
705,13
705,20
705,19
705,18
705,4
705,17
705,16
705,15
705,5
705,14
705,12
705,6
705,11
705,10
705,9
705,8
705,7
705,3
705,2
705,1
705,0
704,3
704,2
704,1
704,0
703,7
703,6
703,5
703,4
703,3
703,2
703,1
703,0
702,3
702,2
702,1
702,0
701,3
701,2
701,1
701,0
700,3
700,2
700,1
700,0
699,3
699,2
699,1
699,0
698,3
698,2
698,1
698,0
697,3
697,2
697,1
697,0
696,3
696,2
696,1
696,0
695,3
695,2
695,1
695,0
694,10
694,9
694,8
694,7
694,6
694,5
694,4
694,3
694,2
694,1
694,0
141,369
141,368
189,8
189,7
141,367
141,366
141,365
693,3
693,2
693,1
693,0
692,3
692,2
692,1
692,0
691,3
691,2
691,1
691,0
0,312
690,4
690,3
690,2
690,1
690,0
689,3
689,2
689,1
689,0
688,3
688,2
688,1
688,0
687,3
687,2
687,1
687,0
686,3
686,2
686,1
686,0
685,3
685,2
685,1
685,0
684,3
684,2
684,1
684,0
683,3
683,2
683,1
683,0
682,3
682,2
682,1
682,0
681,3
681,2
681,1
681,0
680,3
680,2
680,1
680,0
679,3
679,2
679,1
679,0
678,3
678,2
678,1
678,0
677,3
677,2
677,1
677,0
676,3
676,2
676,1
676,0
675,3
675,2
675,1
675,0
674,3
674,2
674,1
674,0
673,3
673,2
673,1
673,0
672,3
672,2
672,1
672,0
671,3
671,2
671,1
671,0
670,3
670,2
670,1
670,0
669,3
669,2
669,1
669,0
668,3
668,2
668,1
668,0
667,3
667,2
667,1
667,0
666,3
666,2
666,1
666,0
665,3
665,2
665,1
665,0
664,7
664,6
664,5
664,4
664,3
664,2
664,1
664,0
663,7
663,6
663,5
663,4
663,3
663,2
663,1
663,0
662,3
662,2
662,1
662,0
661,3
661,2
661,1
661,0
660,7
660,6
660,5
660,4
660,3
660,2
660,1
660,0
659,3
659,2
659,1
659,0
658,3
658,2
658,1
658,0
657,3
657,2
657,1
657,0
656,3
656,2
656,1
656,0
655,3
655,2
655,1
655,0
654,3
654,2
654,1
654,0
653,3
653,2
653,1
653,0
652,3
652,2
652,1
652,0
651,3
651,2
651,1
651,0
650,3
650,2
650,1
650,0
649,3
649,2
649,1
649,0
648,3
648,2
648,1
648,0
647,9
647,8
647,7
647,6
647,5
647,4
647,3
647,2
647,1
647,0
646,3
646,2
646,1
646,0
0,568
0,566
0,564
645,3
645,2
645,1
645,0
644,3
644,2
644,1
644,0
643,4
643,3
643,2
643,1
643,0
642,3
642,2
642,1
642,0
641,3
641,2
641,1
641,0
640,3
640,2
640,1
640,0
639,3
639,2
639,1
639,0
638,9
638,8
638,7
638,6
638,5
638,4
638,3
638,2
638,1
638,0
637,3
637,2
637,1
637,0
636,3
636,2
636,1
636,0
635,3
635,2
635,1
635,0
634,3
634,2
0,560
0,549
634,1
634,0
633,3
633,2
633,1
633,0
632,3
632,2
632,1
632,0
631,3
631,2
631,1
631,0
630,3
630,2
630,1
630,0
629,3
629,2
629,1
629,0
628,3
628,2
628,1
628,0
627,3
627,2
627,1
627,0
626,3
626,2
626,1
626,0
625,3
625,2
625,1
625,0
624,12
624,9
624,11
624,10
624,8
624,4
624,7
624,6
624,5
624,3
624,2
0,559
624,1
624,0
623,3
623,2
623,1
623,0
